sample	raw	trim.1	trim.2
P02_05_G	14983	14137	14099
P02_12_D	69600	68621	68570
P03_08_E	7510	6300	6273
P03_12_G	1486	256	75
P01_05_C	5894	4368	4357
P02_01_F	21168	20598	20564
P02_09_A	4478	1600	188
P03_11_H	22838	22467	22466
P05_03_H	14810	14245	14241
P03_07_A	56371	54607	54467
P03_10_G	21991	21516	21486
P03_12_E	3130	1453	1299
P05_05_E	5773	4784	4505
P05_05_D	1818	1555	1511
P05_10_B	1412	284	77
P03_04_B	62581	60469	60394
P03_08_B	104557	103043	103038
P01_02_E	15899	12580	12529
P03_04_E	8503	5569	5497
P05_10_F	7357	1821	186
P01_02_C	68654	66864	66850
P02_09_F	12639	11711	11488
P02_05_H	16194	15620	15538
P03_10_H	25241	24728	24693
P05_06_E	10888	10329	10313
P05_05_G	5318	4645	4545
P02_10_A	3975	3252	3180
P03_08_C	35890	35255	35245
P05_01_A	10720	9572	9538
P03_01_H	43767	42511	42492
P03_12_F	3969	549	164
P02_03_D	20449	19787	19775
P01_12_D	32324	31697	31681
P05_01_E	51991	50547	50534
P05_02_H	159285	156879	156818
P02_03_A	32979	31353	28712
P01_12_F	38402	36806	36452
P01_04_G	55497	49659	48573
P03_07_B	31110	29239	29211
P01_09_A	7685	6366	6337
P02_01_B	22223	21441	21428
P05_03_G	9130	8108	7369
P01_09_D	15018	13273	6665
P01_11_A	3302	3121	2336
P02_02_G	15193	14320	14223
P02_07_E	5835	5482	5453
P03_12_A	2222	498	75
P01_04_B	11334	10111	10008
P01_05_G	104111	100263	95010
P01_10_H	89284	87938	87887
P01_04_E	21255	14839	14666
P02_07_A	23681	22134	20237
P01_07_G	67724	61932	18038
P05_03_E	21199	20794	20788
P01_08_C	15349	13772	12616
P03_01_E	30710	29701	29682
P05_06_H	19719	18849	18716
P03_03_E	7842	7223	7165
P05_06_A	8287	7411	7380
P02_04_G	74800	72575	72508
P03_04_F	49306	47477	47357
P03_07_H	61308	60302	60283
P03_05_F	37543	36904	36900
P03_04_G	96234	94055	93999
P02_03_F	43245	40835	40779
P05_06_F	2817	2383	2359
P01_09_G	18945	18286	18265
P02_04_E	14869	13898	13441
P03_04_H	36977	36406	36404
P03_05_G	80199	78442	78395
P01_06_A	21629	18482	18104
P01_10_E	10667	8579	7734
P01_04_A	4455	3445	3416
P02_07_D	16273	15613	15310
P05_04_E	49170	47848	47746
P05_03_B	83905	82529	82144
P01_03_B	9100	7509	7486
P02_06_F	12986	12313	12294
P02_08_D	93309	91794	91768
P02_02_A	7528	6811	6617
P03_09_C	39397	38771	38766
P02_11_E	6899	6498	6469
P02_08_A	35115	33183	33064
P03_11_G	45222	44287	44219
P02_11_D	133639	131707	131678
P01_10_C	49988	49215	49169
P05_10_D	1878	296	89
P01_01_E	17860	14807	14715
P01_03_F	38228	36598	36584
P05_01_C	127441	125715	125657
P01_06_H	3273	657	266
P05_04_F	13884	13180	12741
P01_09_F	25467	24008	23917
P02_06_B	13908	13008	12965
P01_06_E	9943	8464	8426
P01_08_A	16938	15546	15287
P05_03_F	25196	24707	24693
P05_10_G	6266	1025	371
P01_05_A	10254	7622	7573
P02_06_E	6691	6230	6178
P02_10_C	77669	75824	65765
P05_07_G	3468	2939	2903
P05_07_F	2242	1611	1547
P02_03_H	48538	47153	47104
P01_03_C	54341	52929	52885
P01_05_D	7673	6047	5487
P03_08_F	23859	23494	23485
P02_08_E	4462	4107	3990
P05_07_E	3083	2497	2469
P01_11_C	816408	802209	798939
P05_08_D	2554	2158	2139
P05_04_C	8226	7904	7901
P05_08_G	3903	3450	3426
P01_05_H	26440	24748	23154
P02_06_H	78723	77430	76426
P03_05_A	4282	2594	2545
P02_10_G	42556	41764	41713
P01_02_D	65739	64417	64395
P01_01_F	209837	205669	205550
P01_02_A	8767	7480	7478
P01_03_D	93211	91507	91442
P05_10_A	624	34	14
P05_05_H	15728	15007	15001
P02_01_E	4176	3846	3843
P01_04_C	22188	20486	20457
P01_08_H	24282	23075	9223
P02_04_F	19048	18084	17952
P03_12_C	5584	4467	4330
P03_11_F	8274	7594	7486
P03_09_B	46597	45947	45946
P01_08_G	42866	40492	22886
P05_10_H	4962	1906	71
P05_08_C	902	694	637
P02_04_A	3154	2671	2663
P03_10_C	107970	105947	105943
P03_05_H	39097	38332	38318
P02_11_B	93567	91828	91449
P02_12_H	119092	117338	117286
P03_05_E	3224	2401	2392
P02_12_C	101423	99981	99952
P05_09_C	8233	8026	7999
P01_04_H	13833	12653	12585
P01_01_D	54030	52646	52117
P03_01_G	21359	20160	20114
P05_10_C	1922	359	131
P02_02_H	38257	37257	37114
P02_10_F	14069	13796	13784
P05_04_H	18614	17794	17716
P05_08_F	2391	1765	1702
P01_11_B	16458	15516	15337
P03_01_D	12718	11617	11548
P02_12_B	93091	91227	91113
P02_11_C	87835	86451	86412
P02_09_E	10154	9531	8608
P03_09_G	20761	20370	20346
P03_09_D	33721	33198	33188
P03_04_C	32631	32006	31938
P02_10_E	2714	2591	2559
P03_02_H	70051	68704	68678
P05_02_E	15548	14597	14589
P05_07_D	5125	4614	4578
P05_08_H	6907	2974	2592
P03_03_A	15046	14730	14724
P03_06_B	34579	32058	31873
P05_01_B	36328	35344	35319
P05_01_F	45604	44709	44663
P02_04_C	21532	20841	20639
P03_09_H	29938	29480	29475
P03_12_B	3627	2541	2525
P03_07_E	6130	5039	5015
P05_05_B	8976	8379	8364
P05_09_E	32423	31785	31637
P01_07_H	21674	20372	9173
P02_01_C	19713	19338	19328
P01_07_C	6402	5580	5438
P03_03_G	43257	42496	42478
P01_10_D	24298	23797	23756
P01_10_A	8714	7443	7431
P01_12_C	47878	46854	46833
P02_09_H	82638	81149	81063
P03_11_B	30133	29559	29557
P03_06_E	82285	80599	80532
P03_05_B	42342	40865	40860
P05_04_G	8122	7848	7701
P01_09_C	15295	13464	5346
P03_07_F	29117	28550	28537
P01_08_D	2774	1606	1474
P02_12_G	85118	83891	83880
P01_01_A	8221	5207	5057
P03_06_H	52981	52143	52130
P05_07_H	9635	8640	8630
P01_03_G	53353	52412	52395
P02_08_H	80369	79243	79233
P03_10_E	29944	29313	29058
P02_05_A	18451	17207	17075
P01_11_D	49876	48484	48463
P01_02_H	79683	77258	77242
P01_04_D	29404	28151	28142
P02_07_C	9815	9410	9373
P01_07_D	5326	3175	2991
P03_02_E	6639	5242	5026
P02_10_H	16130	15643	15470
P03_12_D	32067	31557	31553
P02_03_C	48506	46787	46658
P01_11_H	66200	65089	65059
P01_10_B	28546	26752	26459
P01_01_H	32657	29706	29522
P03_10_A	42067	41048	40925
P01_01_C	39671	37203	37060
P03_02_A	4756	3936	3777
P02_05_E	6866	6118	5616
P02_12_A	99617	98036	97842
P03_05_C	40834	40129	40102
P03_02_C	20390	19806	19757
P01_02_G	103805	101505	101470
P01_07_F	78691	74629	8753
P03_11_E	3951	3622	3489
P05_09_D	56330	55399	55357
P03_04_D	65615	64693	64684
P02_02_E	5490	4501	4346
P05_02_G	36108	35329	35313
P02_10_B	32766	31667	22337
P05_03_C	5726	5423	5407
P01_05_B	14863	11368	11113
P02_11_F	25663	24973	24945
P03_09_A	67381	66134	66070
P01_12_B	20542	19442	19419
P02_02_B	34740	33712	33684
P05_05_F	8788	8488	8476
P02_06_A	16197	14246	14013
P03_05_D	16485	16078	16043
P01_05_E	10007	7743	7601
P03_08_D	29626	29163	29160
P01_03_E	13969	10670	10283
P01_09_H	59296	58193	57975
P01_05_F	9409	7541	7373
P01_06_B	13028	10712	10692
P02_04_D	7027	6522	6459
P01_12_A	7667	6580	4915
P05_01_H	16477	7303	1353
P02_12_E	6345	6064	6054
P03_08_A	94106	92380	92324
P03_11_C	10396	10081	10079
P02_05_B	10496	9633	9416
P05_01_G	13099	12451	12441
P02_07_H	32128	31125	31077
P05_09_A	17445	15911	15812
P05_09_B	10794	9974	9843
P05_07_C	996	821	806
P02_12_F	63966	62801	62775
P01_12_G	69725	68449	68414
P05_05_A	116930	112305	110734
P03_06_G	36775	36233	36182
P02_01_G	54312	53483	53471
P03_10_D	52399	51473	51435
P01_07_A	11834	8852	8774
P05_09_F	4832	4117	4074
P02_06_C	9037	8729	8712
P03_06_C	40308	39555	39520
P05_09_G	25404	24440	24289
P05_07_B	7569	7225	7211
P01_08_B	15420	12793	11562
P05_08_E	1389	905	885
P05_02_D	14304	11919	11747
P05_06_D	7394	6960	6955
P01_08_F	28215	25210	9955
P03_03_H	32305	31566	31527
P02_10_D	44058	43405	43396
P01_12_H	94174	92493	92433
P02_07_G	15993	15557	15548
P03_10_F	17753	17261	17254
P02_05_C	23848	22856	22635
P01_11_F	36443	35279	35225
P01_06_D	16795	15156	14718
P01_09_B	24642	22438	7687
P01_03_A	5497	4159	4098
P02_06_G	45797	44374	44203
P02_03_B	21412	20345	20215
P05_08_A	7093	6256	6226
P01_10_G	110501	108274	108169
P03_12_H	5480	2497	173
P02_01_D	72809	71431	71407
P01_01_B	27446	23811	23642
P01_06_G	12893	8177	8127
P05_02_A	5052	3139	2778
P01_06_C	4827	3978	3927
P02_11_G	127000	125119	125067
P03_01_A	4072	2986	2955
P03_03_F	13371	12638	12606
P02_03_E	21445	20127	20040
P05_10_E	1034	97	24
P01_07_E	15468	14181	3645
P02_04_H	19932	19296	19228
P02_08_G	18342	17933	17891
P02_02_F	8576	7593	7258
P01_11_G	46166	44398	44356
P05_04_A	117180	115315	115181
P01_09_E	5372	858	290
P02_02_C	38717	37968	37128
P02_02_D	8298	7754	7733
P03_03_D	31122	30387	30380
P05_02_C	59838	58199	58083
P03_11_A	47260	46325	46264
P03_03_C	14956	14657	14652
P01_02_F	41122	37091	36664
P02_08_B	29086	27814	27413
P01_02_B	25755	23866	23575
P01_11_E	13382	12242	12121
P05_07_A	19289	18351	18316
P01_12_E	9332	7238	7200
P01_10_F	8418	7960	7912
P05_04_B	23243	22593	22531
P05_06_G	12017	11500	11342
P05_06_C	4854	4478	4441
P05_05_C	16235	15762	15741
P03_04_A	4487	3974	3971
P01_04_F	16973	12743	11960
P03_07_G	24964	24585	24583
P02_09_G	28898	28407	28402
P02_04_B	10307	8542	8085
P03_02_D	34201	33327	33305
P03_01_B	12885	11310	11001
P05_03_D	11026	10633	10627
P05_01_D	26320	25700	25689
P03_08_G	88236	86907	86904
P05_03_A	33571	32881	32871
P02_07_F	11781	11300	11278
P02_07_B	7528	6704	6459
P03_02_B	9189	8146	8131
P02_09_D	108047	106251	106218
P05_02_B	16777	15952	15938
P05_02_F	16064	15250	14999
P01_06_F	10319	8110	7523
P02_01_A	5884	4854	4799
P03_09_F	13489	13129	13089
P01_01_G	116754	113982	113948
P05_08_B	2080	1548	1525
P03_11_D	51314	50382	50361
P02_06_D	5705	5554	5543
P05_09_H	6399	5565	5258
P03_02_F	40802	39669	39654
P02_01_H	87329	86038	85964
P05_04_D	15955	15511	15457
P03_08_H	53054	52317	52276
P01_07_B	9225	6023	5935
P03_07_D	76918	75620	75612
P02_05_D	10493	9961	9688
P02_05_F	14272	13330	12967
P03_10_B	84373	82623	82549
P03_06_A	3914	3010	3008
P02_11_A	76990	75899	75879
P03_02_G	86419	84701	84685
P02_03_G	26813	26073	26020
P02_09_C	93251	91690	87781
P02_08_C	30026	29459	29447
P01_08_E	27167	25043	13698
P02_09_B	9119	8697	7892
P03_06_D	30833	30201	30171
P03_07_C	16886	16538	16529
P03_01_F	13467	11068	10983
P03_01_C	15540	14667	14628
P03_06_F	26625	26223	26198
P02_11_H	5634	4939	4732
P03_03_B	56654	55509	55498
P03_09_E	39463	38814	38788
P02_08_F	29690	29108	29070
P05_06_B	26221	24582	24524
P01_03_H	93077	89949	89943
